Prior[s]=0.1666666666666667
Prior[b]=0.1666666666666667
Prior[r]=0.1666666666666667
Prior[n]=0.1666666666666667
Prior[m]=0.1666666666666667
Prior[i]=0.1666666666666667
